ExpSRM
10232.3047892707
4.97288594036843E-04

GammaSRM
11429.6652258199
2.43805990390492
8.13652091665164E-03

ParetoSRM
2277.26001122521
81.2150214210716
34896.1064626684

TruncNormalSRM
3728.43161972624
29.0848476850262
87.7099112460798

LogNormalSRM
23207.5428540065
1.38928553844272
7.02055293119139

TruncLogistSRM
746.626444604373
10.6800252630102
51.5856365142482

LogLogistSRM
6395.50329486616
0.42233072095126
5.16286608014939

TruncEVMaxSRM
8384.58950651546
55.4078422954288
113.955413266682

LogEVMaxSRM
44377.5801657105
3.16579750984199
9.05250943677733

TruncEVMinSRM
418.2370287655
10.5976645363405
-45.4658827641663

LogEVMinSRM
4682.78623557254
0.425330934255055
-5.04473923409011
