ExpSRM
493.174992912919
2.84579345058954E-02

GammaSRM
445.163802181325
1.30054096029886
4.70181383884751E-02

ParetoSRM
496.597656582627
84.3737426269334
2986.83073005519

TruncNormalSRM
408.817542725297
24.4888661247615
7.65180109652811

LogNormalSRM
666.246733797028
1.49377495031955
3.68627578882546

TruncLogistSRM
421.240227899152
15.1918477413966
8.84394857582498

LogLogistSRM
556.632692414402
0.762203273346573
3.35773419961424

TruncEVMaxSRM
428.951897209706
17.8047472589876
8.55861780870243

LogEVMaxSRM
1513.8528893296
2.72754889958185
4.84169078439939

TruncEVMinSRM
402.752944878181
34.4441721637828
-3.27666186128152

LogEVMinSRM
431.694340299684
0.812093713518043
-3.31017570405782
