ExpSRM
352.787599654773
4.11495264136099E-02

GammaSRM
339.447010531891
1.54633947833832
7.23399874783154E-02

ParetoSRM
366.125310401523
6.17399089700026
147.125550922615

TruncNormalSRM
343.936743100024
55.6047142127189
-96.6402950907188

LogNormalSRM
350.402886416139
0.896845480402323
2.77063121081235

TruncLogistSRM
347.228491552674
20.6035680955964
-28.906704887027

LogLogistSRM
350.02158188958
0.516684437480948
2.71185287605307

TruncEVMaxSRM
343.283350981022
17.9977631477349
-2.84424776119558

LogEVMaxSRM
404.417140247882
1.03310416872044
2.55548810891219

TruncEVMinSRM
340.664824781532
105.205924303356
142.777796071873

LogEVMinSRM
341.040619912961
0.836090309381388
-3.14385707877204

