ExpSRM
1878.35582330032
1.09907522575845E-03

GammaSRM
1775.00948509596
1.4575119405485
4.35473455945594E-03

ParetoSRM
522.490463173459
52.2968862539362
12720.436857122

TruncNormalSRM
1375.27318543234
33.5428424015393
82.281128200102

LogNormalSRM
3862.43997627702
2.08387105607756
7.84959984608691

TruncLogistSRM
978.659864504251
14.5616446108772
64.1959442372384

LogLogistSRM
1694.97263925443
0.684789560932436
5.59835019746056

TruncEVMaxSRM
2038.72669292397
57.0566447635365
97.141070518262

LogEVMaxSRM
6529.95688063943
4.34544701351761
10.0904541239418

TruncEVMinSRM
709.341580629838
14.8729175391743
-60.5485050674034

LogEVMinSRM
1245.88943457443
0.68905128126745
-5.4074104022539
