ExpSRM
1000.72808671716
5.88073436115078E-03

GammaSRM
238.206020408683
2.07491801854299
8.62504448827266E-02

ParetoSRM
821.464599989303
28.2189475200157
3821.18124787352

TruncNormalSRM
208.004262183865
13.1683228691412
16.9203082533922

LogNormalSRM
355.547447504864
1.08288021986994
3.48261851134449

TruncLogistSRM
215.567431815792
8.80428008611282
16.5354368456001

LogLogistSRM
274.838223732281
0.531507583160975
3.14574214024165

TruncEVMaxSRM
220.348878949328
10.8807771025404
14.5680409685751

LogEVMaxSRM
1116.9753066596
2.26232602218275
4.87075801496703

TruncEVMinSRM
204.645825063199
16.0274777247664
-18.2313973461602

LogEVMinSRM
222.05967510359
0.599741277825344
-3.17764786781082
