ExpSRM
2033.57496038463
2.78084930732683E-03

GammaSRM
447.541804361432
1.48999627228791
2.87281668472593E-02

ParetoSRM
1445.55405600678
23.1945757938913
5720.19444937534

TruncNormalSRM
444.953793809568
46.8899590694013
22.2614140265503

LogNormalSRM
927.675580411738
1.48757303849389
4.75547601595787

TruncLogistSRM
485.183420019698
33.2723263666282
21.7003355178907

LogLogistSRM
566.113311265329
0.695294676048228
4.00112445787326

TruncEVMaxSRM
431.007775476079
31.3935047133893
21.6569629201797

LogEVMaxSRM
3237.56750747545
3.06487359415128
6.72595753466114

TruncEVMinSRM
458.611146920069
63.6098279886501
-21.0675661234312

LogEVMinSRM
437.233417895484
0.753671046217842
-3.96626536448943
