ExpSRM
197.282614326935
8.31211296843821E-03

GammaSRM
731.964561228524
0.629462471266457
3.58510564516543E-04

ParetoSRM
274.657243945468
1.40665262898532
228.141326578511

TruncNormalSRM
151.49279897377
116.265078956222
-67.8790786889684

LogNormalSRM
7259.96953509129
4.93215238368849
15.6366632460203

TruncLogistSRM
170.003168773125
75.4516221115874
-63.2611903380897

LogLogistSRM
2351.24667087129
1.56890722632687
9.5133881173006

TruncEVMaxSRM
178.178165091932
88.0152044761995
-68.0105957614643

LogEVMaxSRM
11413.3749349336
10.294507360223
20.8952177019937

TruncEVMinSRM
140.186310653466
144.156378152845
66.3516480000918

LogEVMinSRM
1508.6160543071
1.57632960041163
-8.84926015893129
