ExpSRM
315.294044395329
5.38923330899086E-02

GammaSRM
296.011056188896
2.36371111504842
0.155230080829129

ParetoSRM
315.721642491597
233.686628955098
4340.47744870652

TruncNormalSRM
296.026271020361
17.814765905452
2.66874187910474

LogNormalSRM
301.4954229076
0.704123096442711
2.530122014503

TruncLogistSRM
295.678073918218
7.45350006960778
9.53707168663864

LogLogistSRM
302.098401066104
0.391366977533882
2.50617275500242

TruncEVMaxSRM
295.112246708082
7.09022749639284
10.3293223298212

LogEVMaxSRM
354.940066996271
0.910134193951082
2.3928061884304

TruncEVMinSRM
297.451143868423
44.0679088848973
32.4231933655874

LogEVMinSRM
295.891011501166
0.665927106232274
-2.83268965116797

