ExpSRM
20.1459561102198
0.289859857477068

GammaSRM
29.3623698491993
0.240823469022596
9.02022291635278E-03

ParetoSRM
85.1845118411597
5.14924442789083E-02
9.48296768660266E-02

TruncNormalSRM
19.9473458381534
11.000168284788
-25.9624896195176

LogNormalSRM
36.894586621097
4.01982545813781
2.40952170996771

TruncLogistSRM
20.0905896395344
3.38302905244573
-12.7246313745085

LogLogistSRM
36.2408284716089
2.46462943531192
2.32100089181604

TruncEVMaxSRM
20.1071048567527
3.40554914872901
-11.7556042096239

LogEVMaxSRM
44.8016794231251
4.61563995745319
1.84221254333952

TruncEVMinSRM
19.8328041815083
23.677520678135
38.8747981968631

LogEVMinSRM
31.2399646998473
2.98123587515239
-2.76864076599422
