ExpSRM
503.005494905497
3.22878498891856E-03

GammaSRM
652.442450433594
0.605505469562966
3.47957969156497E-04

ParetoSRM
501.002063230706
3.3845459042965
1029.02944527534

TruncNormalSRM
402.19836775102
139.780326790333
68.0711084514288

LogNormalSRM
3705.96733096911
4.91181744071842
14.4425039829411

TruncLogistSRM
426.429496277811
102.363636187178
58.9532455595209

LogLogistSRM
1854.83064148669
1.63018270887785
9.393199601499

TruncEVMaxSRM
496.262396902462
163.734895727696
35.8094685447469

LogEVMaxSRM
5498.41083937062
9.86781672913953
18.8758137230805

TruncEVMinSRM
352.593000612351
114.616974175718
-85.610724043799

LogEVMinSRM
1361.66761860058
1.6415567215997
-8.93964675075713
