ExpSRM
261.457166944679
1.00810240810238E-02

GammaSRM
440.483554165241
0.912729737129734
4.44005922413909E-03

ParetoSRM
296.367201540322
5.15867946483245
575.681143511652

TruncNormalSRM
122.26274842202
31.6786386645015
11.2741116582201

LogNormalSRM
3666.64306181299
3.0488257446217
9.73531338021733

TruncLogistSRM
134.575774231161
22.8028282562186
10.5721226721257

LogLogistSRM
797.332617174136
1.07562465459495
5.95284074068877

TruncEVMaxSRM
148.711713649015
30.8531056292284
8.65475101597361

LogEVMaxSRM
7249.67902440617
6.12946943850089
12.8036909456958

TruncEVMinSRM
110.59654424418
33.358874910294
-12.9282916383338

LogEVMinSRM
472.929329662252
1.08483618195329
-5.42258907841678
