ExpSRM
10145.341713105
5.00908274809499E-04

GammaSRM
665.039834108421
2.49758649593039
3.36630433750856E-02

ParetoSRM
2444.70020633194
72.8593722320031
33322.122151691

TruncNormalSRM
314.087636870898
14.0908372256227
37.5403062966041

LogNormalSRM
9198.59433103497
1.54286260709934
6.92719554669532

TruncLogistSRM
314.209177452857
8.00751452508877
37.6703970610896

LogLogistSRM
519.187062744396
0.393141978148678
3.96496198033421

TruncEVMaxSRM
425.890803882191
20.6578491784843
38.0184307529393

LogEVMaxSRM
27696.9788815732
3.38040384073055
9.19092331999255

TruncEVMinSRM
294.353001702571
11.2552068398519
-41.0669105498599

LogEVMinSRM
330.062937839344
0.371479207919704
-3.77875538556327

