ExpSRM
360.650397262636
4.35385601935781E-02

GammaSRM
266.243135299038
3.84807423182286
0.317833569208636

ParetoSRM
364.144857942673
142.10210478432
3312.92105736434

TruncNormalSRM
263.383452001693
6.24190941086119
11.3728677620517

LogNormalSRM
275.481729341667
0.589333215870191
2.40408380415889

TruncLogistSRM
264.408244349229
3.61662856270398
10.902665010386

LogLogistSRM
275.01274487365
0.321976155926628
2.40742461404636

TruncEVMaxSRM
266.478372379557
4.7705991047945
9.33052678195131

LogEVMaxSRM
386.13413715347
0.963542077421522
2.47935960711282

TruncEVMinSRM
263.145063221716
8.62254003955226
-12.145279277954

LogEVMinSRM
263.937926335803
0.462881471912617
-2.60019537975905
