ExpSRM
3413.31679772923
1.78875001782973E-03

GammaSRM
203.547870367852
2.36764274071565
0.11911012018079

ParetoSRM
908.974277265558
63.3914593361057
8912.50857701044

TruncNormalSRM
142.305782721928
6.68627600945186
12.8523265576558

LogNormalSRM
593.719026284072
1.23377719670408
4.03025287532508

TruncLogistSRM
148.654190061726
4.51789784009414
12.9524945726522

LogLogistSRM
223.560869764226
0.476037405770618
2.92286276273444

TruncEVMaxSRM
165.431517727323
7.18147255664485
11.6054001809088

LogEVMaxSRM
4096.80325068636
3.03659032157756
6.83390540067396

TruncEVMinSRM
133.041840975461
6.12568383175828
-14.1921147058187

LogEVMinSRM
161.38508136551
0.501650270540082
-2.83519911709081
