ExpSRM
2707.15269049085
3.96764555654228E-03

GammaSRM
1607.28765760966
1.0539665739358
7.85768609475023E-03

ParetoSRM
1568.04254328636
19.3248205356161
2706.21889103185

TruncNormalSRM
1306.66238690676
88.179044521968
16.5426621036384

LogNormalSRM
4489.44611453959
2.33421864969037
6.91379544940075

TruncLogistSRM
1521.78300629279
65.9082252661688
16.2379213309511

LogLogistSRM
2337.5509982297
0.941510673925804
5.19358952591289

TruncEVMaxSRM
1731.7634141219
92.2125474769601
10.098391170765

LogEVMaxSRM
9025.44264653939
4.42509532537276
8.85169008713908

TruncEVMinSRM
1201.60349717228
92.2578749023292
-24.0405687676715

LogEVMinSRM
1623.19147150834
0.955098737322314
-4.90307642879127
