ExpSRM
624.977895884781
2.00705965663366E-02

GammaSRM
491.375369118784
1.21565108050089
3.71502391952811E-02

ParetoSRM
688.095906608239
7.91688639976333
435.318138012827

TruncNormalSRM
400.638341525428
23.842689854055
7.5528717003056

LogNormalSRM
1176.04125564402
1.82059201760739
4.67894678770038

TruncLogistSRM
425.425903224157
15.9666992128497
7.73904028846938

LogLogistSRM
683.045974684627
0.826577077393959
3.67225740321806

TruncEVMaxSRM
448.03540200195
20.0053727129689
6.90059594933133

LogEVMaxSRM
3955.77794571276
3.70567823271787
6.99424967147768

TruncEVMinSRM
383.574378936969
29.7337519747041
-6.278745192884

LogEVMinSRM
469.91003319436
0.854282367023578
-3.44832301476044

