ExpSRM
4623.54099275064
2.88011001011314E-03

GammaSRM
1284.01989533052
1.20309599437702
1.66166736645636E-02

ParetoSRM
1807.67606154036
31.7644519691954
4098.84418188993

TruncNormalSRM
1593.19920932826
50.2482314299998
41.7562512408214

LogNormalSRM
3928.34708918541
2.05522681646988
6.09311054598149

TruncLogistSRM
1640.15462565428
33.676192558214
40.4742318999967

LogLogistSRM
1918.8698546391
0.840924114733211
4.55817548687845

TruncEVMaxSRM
2180.20987715984
59.7060319759473
42.0293844084904

LogEVMaxSRM
8340.81862172837
3.90041151284635
7.85250120161763

TruncEVMinSRM
1301.48149910146
41.5935700964583
-42.5782188641747

LogEVMinSRM
1322.58004295956
0.85575329392706
-4.29973242271434
