ExpSRM
594.669943428046
0.004469234876172

GammaSRM
735.685256348903
0.946912555798291
2.98523659367063E-03

ParetoSRM
325.498158915325
25.2904699388418
2979.28758089852

TruncNormalSRM
62.3991864896202
10.3577103111965
9.95684275025166

LogNormalSRM
4683.29858455521
3.18787993564348
10.3322132294333

TruncLogistSRM
65.1297003117993
6.78239353159906
10.185063813305

LogLogistSRM
1218.66759073628
1.04162557829277
6.26469161933538

TruncEVMaxSRM
102.15817839065
16.1775042958663
10.6656971173391

LogEVMaxSRM
8088.62292252087
6.6481579525639
13.8200910267001

TruncEVMinSRM
49.6020793778793
7.03842375792394
-10.641450242888

LogEVMinSRM
777.655042786019
1.04760273429206
-5.82175220111748
