ExpSRM
1073.7220731323
1.31116459580287E-02

GammaSRM
509.014778392739
1.38884501566681
5.37672445335742E-02

ParetoSRM
1114.09988596351
11.552816815529
907.037951236784

TruncNormalSRM
386.43833287504
14.0255391008876
11.1645522695316

LogNormalSRM
1219.03527130177
1.64841026581668
4.3391644190664

TruncLogistSRM
415.280014847601
9.9772262453617
11.0145437496908

LogLogistSRM
696.147376564918
0.747702729242598
3.41008937139448

TruncEVMaxSRM
451.419707410428
13.7952673329544
9.72945585549492

LogEVMaxSRM
4001.13310041431
3.32536718095148
6.37353385864825

TruncEVMinSRM
356.371742331163
13.859766933061
-12.75716473147

LogEVMinSRM
464.96249703354
0.764911827673957
-3.16968374630746
