ExpSRM
487.509654994013
2.94097086014038E-02

GammaSRM
171.708879575809
2.17126682525526
0.296791946494305

ParetoSRM
476.342628898358
21.3243179930691
699.027802126436

TruncNormalSRM
156.332856777449
4.40836468285132
5.29838411442678

LogNormalSRM
219.139075693028
0.955197150847439
2.08670513547596

TruncLogistSRM
159.186695557391
2.75983368668788
5.14987317686331

LogLogistSRM
191.71719685546
0.500796296806262
1.91781100809258

TruncEVMaxSRM
162.319907621742
3.36178005520814
4.59266885580883

LogEVMaxSRM
419.34771376704
1.61276904057952
2.58216373634719

TruncEVMinSRM
157.652264204506
6.19242380196834
-5.30376080689732

LogEVMinSRM
163.876606711241
0.601036763067123
-2.0216137722896
