ExpSRM
967.191578304926
0.002529322671123

GammaSRM
1163.53413260833
0.948620525621082
1.75038649185424E-03

ParetoSRM
563.406695697117
18.6100099519125
4142.75074378041

TruncNormalSRM
470.176083415557
96.9944866474083
60.7601318317726

LogNormalSRM
6944.095180784
3.1695231598345
10.7517310522931

TruncLogistSRM
499.352569574034
68.1628720439848
58.687191539906

LogLogistSRM
1872.44665121067
1.04058617741969
6.77003366327403

TruncEVMaxSRM
620.03031885044
111.390950235781
55.2669308017676

LogEVMaxSRM
12342.077570362
6.62967844288631
14.2824311367045

TruncEVMinSRM
405.974961011572
85.0388531465627
-67.8352738604589

LogEVMinSRM
1215.20247192378
1.04648430635088
-6.34564935156635
